11111111111111111111111111111111111111111111111111111
1000000001100000000000000011000000110000c000110000001
1000h00001100000000000000011000c00110000x000110000001
1000000001100000011000000011000o001100000000110000001
10000000011000000110000000110000001111001111110000001
11100011111111111111000011111100011100000000000000001
10000000000000000000000000000000001100000000000000001
10000000000000000000000000000000001100011111111111001
10000000000000000000000000000000001100010000000001001
10000000111111111111111111111111111100010000c00001001
10000000110000000000110000000000001100010000o00001001
1000000011000000000011000000m000001100010000000001001
1000000011000x000000110000000000001100011100110001001
10000000110000000000110001111111111100000000110000001
10000000110000011000110000000000000000000000110000001
10000000110000011000110000000000000000000000110000001
10000000110000011000110000000000000000000000110000001
10000000110000011000000000000000001100000000110000001
10000000110000011000000000000000001100000000110000001
10000000000000011000000000000000001100000000110000001
10000000000000011000000000000000001100000000110000001
10011111111111111111111111111111111100000000110000001
10000000000000000000000000000000000000000000110000001
10000000000000000000000000000000000000000000110000001
10000000000000000000000000000000000000000000110000001
10000000000000000000000000000000000000000000000000001
11111111111111111111111111000000000000000000000000001
10000000000000000000000111111111111000000111111111001
10000000000000000000000110000000000000000000000000001
10000000011111111110000110000000000000000000000000001
10000000011000000011000110000000000000000000000000001
10000000011000c00001100110000000000000000000000000001
100000000110000o0001100110000000000011111111111000001
10000000011111000011000110000110000000000110000000001
10000000000000001110000110000110000000000110000000001
10000000000000111100000111001110000000000110000000001
10000000111111111000000110000110000000000110000000001
10000000111111111000000110000110000000000110000000001
10000000000000000000000110000110000000000110000000001
10000000000000000000000110000110000000000110000000001
10011111111111111110000111001110000000000110000000001
10011000000000000110000110000110000011111110000000001
1001100c000000000110000110000110000011000110000000001
1001100000D000000110000110000110000011000110000000001
100110000000000001100001100001100000000h0110000000001
10011111111100000110000110000110000000000110000m00001
10000000000000000110000000000110000011000110000000001
10000000000000000110000000000110000011000110000000001
11111111111111111111111111111111111111111111111111111