111111111111111111111111111111111111111111111111111111111111111111111111111111111111111111111111111
100000000000000000000011000000000000000110000000000000000000000011000000000000000000000000000000001
100000000000000000000011000000000000000110000000000000000000000011000000000000000000000000000000001
100000000000000000000011000000000000000110000000000011000000000011000000000000000000000000000000001
100000000000000000000011000000000000000110000000000011000000000011111111000011000000001100000000001
100000000000000000000011000000000000000110000000000011000000000011000011000011000000001100000000001
100000000000000000000011000000000000000110000000000011000000000011000011000011000000001100000000001
100000000000000000000011000000000000000110000000000011000000000011000011111111000000001100000000001
100000000000000000000011000000000000000110000000000011000000000011000000000000000000001100000000001
100000000000000000000011000000000000000110000000000011000000000000000000000000000000001100000000001
100000000000000000000011000000000000000110000000000011000000000011111111111111111111111111111111111
111111100000000011111111111111111100000110000000000011000000000000000000000000000000000000000000001
100000000000000000000000000000000000000110000000000011000000000000000000000000000000000000000000001
100000000000000000000000000000000000000110000000000011000000111111111111111111111111111100000000001
111111111111111111111111111111111100000110000000000011000000110000000000000000000000001100000000001
100000000000000000000000000000000000000110000000000011000000110000000000000000000000001100000000001
100000000000000000000000000000000000000110000000000000000000110000111111111111111110001100000000001
100000111111111111111111111111111111111110000000000000000000110000110000000000000110001100000000001
100000110000000000000000000000000000000110000000000000000000110000110000000000000110001100000000001
100000110000000000000000000000000000000110000000000000000000110000110000000000000110001100000000001
100000000000000000000000000000000000000111111111111100000000110000111110000001111110001100000000001
100000000000000000000000000000000000000110000000000000000000110000000000000000000000001100000000001
100000000000000000000000000000000000000110000000000000000000110000000000000000000000001100000000001
100000110000000000000000000000000000000110000000000000000000110000000000000000000000001100000000001
100000110000000000000000000000000000000110000000000000000000110000000000000000000000001100000000001
100000111111111111111111111111111110000110000000000000000000110000000000000000000000001100000000001
100000110000000000000000000011000000000110000001111111111111110000000000000000000000000000000000001
100000110000000000000000000011000000000110000000000000000000110000000000000000000000000000000000001
100000000000000000000000000011111111111110000000000000000000110000000000000000000000000000000000001
100000000000000000000000000000000000000110000000000000000000110000000000000000000000001100000000001
100000110000000000000000000000000000000111111111111111110000110000000000000000000000001100000000001
100000110000000000000000000000000000000110000000000000000000110000000000000000000000001100000000001
100000111111111111111111111111111100000110000000000000000000110000000000000000000000001100000000001
100000110000000000000000000000000000000110000000000000000000110001111100000000011110001100000000001
100000110000000000000000000000000000000110000000000000000000110001100000000000000110001100000000001
100000110000000000000000000000000000000110000000000000000000110001100000000000000110001100000000001
100000110000000000000000000000000000000110000000000000000000110001100000000000000110001100000000001
100000110000000000000000000000000000000110000000000000000000110001100000000000000110001100000000001
100000111111111111111111111111111111111110000000000000000000110001111111111111111110001100000000001
100000000000000000000000000000000000000000000000000000000000110000000000000000000000001100000000001
100000000000000000000000000000000000000000000000000000000000110000000000000000000000001100000000001
100000000000000000000000000000000000000000000000000000000000111111111111111111111111111100000000001
100000000000000000000000000000000000000000000000000000000000000000000000000000000000000000000000001
100000000011111111111111111111111100000000000000000000000000000000000000000000000000000000000000001
100000000011000111111111111111111100000000000000000001111111111111111111111111111111111111111100001
100000000011000000000000001111000000000000000000000000000000000000000000000000000000000000001100001
100000000011000011111111000111000000000000000000000000000000000000000000000000000000000000001100001
100000000011000110000001100011000000000000000000000000000000000000000000000000000000000000001100001
100000000011001100000000110011000000000000000000000000000000000000000000000000000000000000001100001
100000000011000110110000110011000000000001111111111111111111111111110000000000000000000000001100001
100000000011000011100001100011000000000000000000000001100000000000110000000000000000000000001100001
100000000011000000000111000011000000000000000000000001100000000000110000000000111111111111111100001
100000000011000000011110000011000000000000000000000001100000000000110000000000000000000000001100001
100000000011111111111100000011000000000001111111111111100000000000110000000000000000000000001100001
100000000000000000000000000011000000000000000000000001100000000000110000000000110000000000001100001
100000000000000000000000000011000000000000000000000001100000000000110000000000110000000000001100001
100000011111111111111111000011000000000000000000000001100000000000110000000000111111111111111100001
100000011000000000000011000011000000000000000000000001100000000000110000000000110000000000001100001
100000011000000000000011000011000000000000000000000001100000000000110000000000000000000000001100001
100000011000000000000011000011111111111111111000000001100000000000110000000000000000000000001100001
100000011000000000000011000011000000000000011000000001100000000000110000000000111111111111111100001
100000011111111110000011000011000000000000011000000001100000000000110000000000000000000000001100001
100000000000000000000011000011000000000000011000000001100000000000110000000000000000000000001100001
100000000000000000000011000011000000000000011000000001100000000000110000000000110000000000001100001
100000011111111111111111000011000000000000011000000001100000000000110000000000110000000000001100001
100000011000000000000011000011111100011111111000000001100000000000110000000000111111111111111100001
100000011000000000000011000000000000000000000000000001100000111111110000000000000000000000001100001
100000000000000000000011000000000000000000000000000001100000000000000000000000000000000000001100001
100000000000000000000011000000000000000000000000000001100000000000000000000000000000000000001100001
111111111111111111111111111111111111111111111111111111111111111111111111111111111111111111111111111