1111111111111111111111111111111111111111
1100000000011000000000001100000000000111
1100000000011000000000001100000000000111
1100000000011000000000001111111110000111
1100000000011000000000001100000110000111
1111100111111000000000001100000110000111
1100000000000000000000001100000110000111
1100000000000000000000001100000110000111
1100000001100000000000000000000110000111
1100000001100000111111100000000110000111
1100000000000000110001100000000110000111
1100000000000000110001100000000110000111
1111111111110000110001100000000110000111
1100000000000000110001100000000110000111
1100000000000000110001111111111110000111
1100000000000000110000000000000000000111
1100000000000000110000000000000000000111
1100000000000000000000000000000000000111
1100000000000000000000000000000000000111
1111111111111111111111111111111111111111
1111111111111111111111111111111111111111